epoch:0 0.2092  0.4917  0.1328  0.0336  0.134  0.2594  0.2485  0.3989  0.4185  0.07  0.3177  0.4841
epoch:1 0.4745  0.7467  0.5277  0.1097  0.3551  0.566  0.405  0.5842  0.5941  0.1552  0.4818  0.6771
epoch:2 0.5029  0.7666  0.5639  0.1279  0.3769  0.5951  0.4221  0.608  0.6177  0.1871  0.502  0.7013
epoch:3 0.5133  0.7729  0.5798  0.1354  0.395  0.6032  0.4275  0.6158  0.6257  0.1888  0.5124  0.7081
epoch:4 0.5217  0.7749  0.5853  0.1255  0.398  0.6159  0.4337  0.6245  0.6348  0.1959  0.5131  0.7191
epoch:5 0.511  0.7781  0.5771  0.1247  0.3988  0.6018  0.4258  0.6149  0.6259  0.1955  0.5197  0.7052
epoch:6 0.5053  0.7619  0.5719  0.1292  0.4091  0.5988  0.4271  0.6219  0.6334  0.2256  0.5437  0.7037
epoch:7 0.5284  0.784  0.5954  0.1461  0.4028  0.6207  0.4355  0.6288  0.6393  0.218  0.527  0.7194
epoch:8 0.5248  0.7786  0.5878  0.1545  0.4173  0.6183  0.4375  0.6386  0.6518  0.2573  0.553  0.722
epoch:9 0.5329  0.7875  0.5992  0.1455  0.4225  0.6233  0.4428  0.6396  0.6519  0.2512  0.5477  0.7262
epoch:10 0.5466  0.7862  0.6043  0.1467  0.4193  0.6461  0.4503  0.6494  0.6604  0.2466  0.5504  0.7403
epoch:11 0.5497  0.7916  0.6163  0.1473  0.4285  0.6433  0.4516  0.6511  0.664  0.2497  0.5576  0.7369
epoch:12 0.5492  0.7924  0.6143  0.1591  0.4313  0.6422  0.4512  0.6532  0.6662  0.2635  0.562  0.7379
epoch:13 0.5368  0.7879  0.6022  0.1632  0.4296  0.6303  0.4442  0.6467  0.6597  0.2719  0.5694  0.7278
epoch:14 0.5532  0.792  0.6177  0.1665  0.4279  0.6497  0.4542  0.6585  0.6721  0.2839  0.5561  0.7469
epoch:15 0.5487  0.7934  0.6101  0.1665  0.4299  0.6442  0.4502  0.6531  0.6649  0.2689  0.5549  0.7414
epoch:16 0.5407  0.7792  0.6031  0.1704  0.4376  0.6307  0.4444  0.6481  0.6609  0.2845  0.57  0.728
epoch:17 0.557  0.7966  0.6187  0.1726  0.4398  0.6517  0.4532  0.6576  0.6706  0.2733  0.5674  0.744
epoch:18 0.5657  0.7966  0.6289  0.1725  0.4443  0.6658  0.4623  0.6685  0.6817  0.2883  0.5707  0.7573
epoch:19 0.5646  0.7973  0.6264  0.1807  0.4435  0.6615  0.4604  0.6673  0.6798  0.2952  0.5746  0.7539
epoch:20 0.5486  0.7823  0.6065  0.1632  0.443  0.6514  0.4534  0.6629  0.6767  0.3028  0.5799  0.747
epoch:21 0.5705  0.7997  0.6337  0.1873  0.4512  0.6613  0.462  0.6673  0.6803  0.301  0.5789  0.7518
epoch:22 0.5721  0.8004  0.6335  0.1905  0.4521  0.6659  0.466  0.6731  0.6863  0.3083  0.581  0.7588
epoch:23 0.5448  0.773  0.6058  0.1835  0.4432  0.6385  0.4479  0.6543  0.6673  0.3077  0.5778  0.7318
epoch:24 0.5732  0.7985  0.6339  0.1775  0.4462  0.6706  0.4664  0.6729  0.6856  0.2854  0.5707  0.7633
epoch:25 0.5586  0.7854  0.618  0.1722  0.4529  0.6562  0.4593  0.668  0.6814  0.3048  0.5864  0.7511
epoch:26 0.5762  0.8032  0.637  0.1875  0.4522  0.6744  0.4684  0.6758  0.6893  0.2988  0.5791  0.7648
epoch:27 0.5556  0.7845  0.6117  0.1822  0.4542  0.6504  0.4547  0.6636  0.6771  0.3065  0.5889  0.743
epoch:28 0.5774  0.7998  0.6368  0.1876  0.4519  0.6756  0.4687  0.6765  0.6901  0.3061  0.5779  0.7651
epoch:29 0.5795  0.8044  0.6387  0.1823  0.4562  0.6777  0.4691  0.6789  0.692  0.2929  0.581  0.7687
